Round Robin achieved the following statistics on 1000 simulations (all in ms):
        avg: 127386
        sd: 126950.31941275296
        min: 32767
        max: 137085
Shortest Job Next achieved the following statistics on 1000 simulations (all in ms):
        avg: 166655
        sd: 166238.89100327878
        min: 32767
        max: 174688
Round Robin completed the b2 sequence in 570 ms
Shortest Job Next completed the b2 sequence in 414 ms
